17148001
17148002
17148003
17147036
17147038
17147039
17147040
17147042
17147043
17147044
17147045
17147046
17147047
17147048
17147050
17147051
17147052
17147063
17147065
17147066
17147068
17147069
17147071
17147072
17147073
17147074
17147076
17147077
17147078
17147080
17147081
17147082
17147083
17147084
17147087
17147088
17147089
17147090
17147091
17147092
17147095
17147099
17147100
17147101
17147102
17146002
17146004
17146005
17146006
17146015
17146019
17146021
17146022
17146023
17146024
17146025
17146026
17146027
17146028
17146029
17146030
17146034
17146035
17146036
17146039
17146041
17146042
17146051
17146052
17146053
17146054
17146055
17146056
17146057
17146058
17146059
17146060
17146061
17146062
17146063
17146064
17145002
17145003
17145004
17145005
17145006
17145007
17145009
17145013
17145024
17145026
17145029
17145030
17145031
17145033
17145034
17145035
17145036
17145037
17145038
17145039
17145040
17145041
17145042
17145045
17145046
17145047
17145049
17145050
17145062
17145063
17145064
17145065
17145066
17145067
17145069
17145071
17145072
17145073
17145074
17145075
17145076
17145077
17144001
17144003
17144004
17144005
17144006
17144007
17144008
17144009
17144010
17144011
17144012
17144013
17144014
17144015
17144016
17144017
17144028
17144029
17144030
17144031
17144032
17144033
17144034
17144036
17144037
17144038
17144039
17144040
17144041
17144042
17143002
17143003
17143004
17143005
17143006
17143008
17143009
17143015
17143016
17143017
17143018
17143020
17143021
17143024
17143025
17143031
17143032
17143033
17143034
17143035
17143036
17143037
17143038
17143040
17143041
17143042
17143043
17143044
17143045
17143046
17143047
17143048
17142004
17142005
17142013
17142014
17142015
17142016
17142017
17142023
17142024
17142025
17142026
17142027
17142028
17142029
17142030
17142031
17142032
17142034
17142035
17142037
17142038
17142042
17142043
17142044
17142045
17142052
17142053
17142055
17142056
17142057
17142058
17142059
17142060
17142061
17141041
17141042
17141043
17141044
17141046
17141047
17141048