17160011
17161011
17161012
17161013
17161014
17161015
17161016
17161017
17161018
17161019
17161020
17161021
17161022
17161023
17161024
17161025
17161026
17161027
17162001
17162002
17162003
17162004
17162005
17162006
17162007
17162008
17162009
17162010
17162011
17162012
17162013
17162014
17162015
17162016
17162017
17162018
17162019
17162020
17162021
17162022
17162023
17162024
17162025
17162026
17162027
17162028
17162029
17162030
17163001
17163002
17163003
17163004
17163005
17163006
17163007
17163008
17163009
17163010
17163011
17163012
17163013
17163014
17163015
17163016
17163017
17163018
17163019
17163020
17163021
17163022
17163023
17163024
17163025
17163026
17163027
17163028
17163029
17163030
17163031
17163032
17163033
17163034
17163035
17163036
17163037
17163038
17163039
17163040
17163041
17163042
17163043
17163044
17163045
17163046
17163047
17163048
17163049
17163050
17163051
17163052
17163053
17163054
17163055
17163056
17163057
17163058
17163059
17164001
17164002
17164003
17164004
17164005
17164006
17164007
17164008
17164009
17164010
17164011
17164012
17164013
17164014
17164015
17164016
17164017
17164018
17164019
17164020
17164021
17164022
17164023
17164024
17164025
17164026
17164027
17164028
17164029
17164030
17164031
17164032
17164033
17164034
17164035
17164036
17164037
17164038
17164039
17165001
17165002
17165003
17165004
17165005
17165006
17165007
17165008
17165009
17165010
17165011
17165012
17165013
17165014
17165015
17165016
17165017
17165018
17165019
17165020
17165021
17165022
17165023
17165024
17165025
17165026
17165027
17165028
17165029
17165030
17165031
17165032
17165033
17165034
17165035
17165036
17165037
17165038
17165039
17165040
17165041
17165042
17165043
17165044
17165045
17165046
17165047
17165048
17165049
17165050
17165051
17165052
17165053
17165054
17165055
17165056
17165057
17165058
17165059
17165060
17165061
17166001
17166002
17166003
17166004
17166005
17166006
17166007
17166008
17166009
17166010
17166011
17166012
17166013
17166014
17166015
17166016
17166017
17166018
17166019
17166020
17166021
17166022
17166023
17166024
17166025
17166026
17166027
17166028
17166029
17166030
17166031
17166032
17166033
17166034
17166035
17166036
17166037
17166038
17166039
17166040
17166041
17166042
17166043
17166044
17166045
17166046
17166047
17167002
17167003
17167004
17167005
17167006
17167007
17167008
17167009
17167010
17167011
17167012
17167013
17167014
17168001
17168002
17168003
17168004
17168005
17168006
17168007
17168008
17168009
17168010
17168011
17168012
17168013
17168014
17168015
17168016
17168017
17168018
17168019
17168020
17168021
17168022
17168023
17168024
17168025
17168026
17168027
17168028
17168029
17168030
17168031
17168032
17168033
17168034
17168035
17168036
17168037
17168038
17168039
17168040
17168041
17168042
17168043
17168044
17168045
17168046
17168047
17168048
17168049
17168050
17168051
17168052
17168053
17169001
17169002
17169003
17169004
17169005
17169006
17169007
17169008
17169009
17169010
17169011
17169012
17169013
17169014
17169015
17169016
17169017
17169018
