27 27 0 -1 0 0.265187 0.266745 0 -1 -1 -1 -1 -1 -1 -1 -1 -1 -1 -1 -1 -1 -1 -1 -1 -1 -1 0.226264 0.287529 0.0229885 
27 27 -1 -1 -1 -1 -1 -1 -1 -1 -1 -1 -1 -1 -1 -1 -1 -1 -1 -1 -1 -1 -1 -1 -1 -1 -1 -1 -1 
27 27 -1 -1 -1 0.411232 0.411232 -1 -1 -1 -1 -1 -1 -1 -1 -1 -1 -1 -1 -1 -1 -1 -1 -1 -1 -1 0.440415 0.448649 0.25 
27 27 4 0 4 856 851 5 0 0 0 0 0 0 0 0 0 0 0 0 0 0 0 0 0 0 1127 866 261 
27 27 0 0 0 0 0 0 0 0 0 0 0 0 0 0 0 0 0 0 0 0 0 0 0 0 0 0 0 
27 27 0 0 0 552 552 0 0 0 0 0 0 0 0 0 0 0 0 0 0 0 0 0 0 0 579 555 24 
27 27 0 0 0 227 227 0 0 0 0 0 0 0 0 0 0 0 0 0 0 0 0 0 0 0 255 249 6 
27 27 -1 -1 -1 0.0171674 0 -1 0 -1 -1 -1 -1 -1 -1 -1 -1 -1 -1 -1 -1 -1 -1 -1 -1 -1 0 0 0 
27 27 -1 -1 -1 0.00858369 0 -1 1 -1 -1 -1 -1 -1 -1 -1 -1 -1 -1 -1 -1 -1 -1 -1 -1 -1 0 0 0 
27 27 -1 -1 -1 0 0 -1 0 -1 -1 -1 -1 -1 -1 -1 -1 -1 -1 -1 -1 -1 -1 -1 -1 -1 0.0941176 0.0803213 0.666667 
27 27 0 0 0 4 0 0 0 0 0 0 0 0 0 0 0 0 0 0 0 0 0 0 0 0 0 0 0 
27 27 0 0 0 2 0 0 12 0 0 0 0 0 0 0 0 0 0 0 0 0 0 0 0 0 0 0 0 
27 27 0 0 0 0 0 0 0 0 0 0 0 0 0 0 0 0 0 0 0 0 0 0 0 0 24 20 4 
