16064034 
16064035 
16064036 
16064037 
16064074 
16064075 
16064076 
16065004 
16066057 
16066048 
16066029 
16066010 
16067048 
16067002 
16068033 
16068031 
16068026 
16068027 
16068002 
16069061 
16069056 
16069058 
16069059 
16069046 
16069047 
16069048 
16069023 
16069013 
16069014 
16069015 
16070038 
16070035 
16070011 
16070007 
16071069 
16071070 
16071072 
16071073 
16071074 
16071057 
16071049 
16071035 
16071038 
16071042 
16071019 
16071017 
16071011 
16071012 
16071013 
16071014 
16071015 
16071008 
16071009 
16071004 
16071005 
16072055 
16072056 
16072027 
16072031 
16072032 
16072011 
16072005 
16073042 
16073043 
16073044 
16073011 
16073008 
16073009 
16074024 
16076019 
16076028 
16077035 
16077036 
16077026 
16077019 
16077020 
16078024 
16078025 
16078027 
16079055 
16079002 
16080016 
16080003 
16080001 
16081051 
16081035 
16081023 
16082044 
16082026 
16082024 
16082003 
16083068 
16083069 
16083074 
16083078 
16083079 
16083080 
16083081 
16083082 
16083083 
16083084 
16083054 
16083051 
16083047 
16083021 
16084019 
16084010 
16084001 
16084002 
16085070 
16085068 
16085066 
16085063 
16085050 
16085064 
16085004 
16086009 
16086010 
16086023 
16088009 
16088010 
16088011 
16088012 
16089025 
16089022 
16090043 
16091060 
16091051 
16091052 
16091053 
16091054 
16091055 
16091056 
16091049 
16091036 
16091037 
16091038 
16092045 
16092041 
16092032 