22136001
22136002
22136003
22136004
22136005
22136006
22136007
22136008
22136009
22136010
22135001
22135025
22135026
22135027
22135028
22135029
22135030
22135031
22135032
22135035
22135036
22135037
22135038
22135039
22135040
22135041
22135042
22134001
22134002
22134003
22134004
22134005
22134006
22134008
22134009
22134010
22134011
22134012
22134013
22134014
22134015
22134018
22134019
22134026
22134027
22134028
22134029
22134030
22134031
22134032
22134033
22134034
22133005
22133007
22133009
22133010
22133011
22133013
22133014
22133015
22133016
22133024
22133025
22133026
22133027
22133028
22133029
22133031
22133032
22133037
22133038
22133039
22133040
22133042
22133043
22133044
22133045
22132001
22132002
22132003
22132004
22132008
22132010
22132014
22132015
22132024
22132025
22132026
22131011
22131012
22131013
22131014
22131015
22131016
22131017
22131018
22131019
22131020
22131021
22131022
22131036
22131039
22131040
22131042
22131043
22131044
22131045
22131050
22131053
22131054
22131056
22131057
22131058
22131062
22131063
22131064
22131065
22130029
22130046
22130047