17149053
17149054
17149055
17149056
17149057
17149058
17149059
17149060
17149061
17149062
17149063
17149064
17149065
17149066
17149067
17150001
17150002
17150003
17150004
17150005
17150006
17150007
17150008
17150009
17150010
17150011
17150012
17150013
17150014
17150015
17150016
17150017
17150018
17150019
17150020
17150021
17150022
17150023
17150024
17150025
17150026
17150027
17150028
17150029
17150030
17150031
17150032
17150033
17150034
17150035
17150036
17150037
17151001
17151002
17151003
17151004
17151005
17151006
17151007
17151008
17151009
17151010
17151011
17151012
17151013
17151014
17151015
17151016
17151017
17151018
17151019
17151020
17151021
17151022
17151023
17151024
17151025
17151026
17151027
17151028
17151029
17151030
17151031
17151032
17151033
17151034
17151035
17151036
17151037
17151038
17151039
17151040
17151041
17151042
17151043
17151044
17152003
17152004
17152005
17152006
17152007
17152008
17152009
17152010
17152011
17152012
17152013
17152014
17152015
17152016
17152017
17152018
17152019
17152020
17152021
17152022
17152023
17152024
17152025
17152026
17152027
17152028
17152029
17152030
17152031
17152032
17152033
17152034
17152035
17152036
17152037
17152038
17152039
17153001
17153002
17153003
17153004
17153005
17153006
17153007
17153008
17153009
17153010
17153011
17153012
17153013
17153014
17153015
17153016
17153017
17153018
17153019
17153020
17153021
17153022
17153023
17153024
17153025
17153026
17153027
17153028
17153029
17153030
17153031
17153032
17153033
17153034
17153035
17153036
17153037
17153038
17153039
17153040
17153041
17153042
17153043
17153044
17153045
17153046
17153047
17153048
17153049
17153050
17153051
17153052
17153053
17153054
17153055
17153056
17153057
17153058
17153059
17153060
17154001
17154002
17154003
17154004
17154005
17154006
17154007
17154008
17154009
17154010
17154011
17154012
17154013
17154014
17154015
17154016
17154017
17154018
17154019
17154020
17154021
17154022
17154184
17154185
17154186
17155001
17155002
17155003
17155004
17155005
17155006
17155007
17155008
17155009
17155010
17155011
17155012
17155013
17155014
17155015
17155016
17155017
17155018
17155019
17155020
17155021
17155022
17155023
17155024
17155025
17155026
17155027
17155028
17155029
17155030
17155031
17155032
17155033
17155034
17155035
17155036
17155037
17155038
17156001
17156002
17156003
17156004
17156005
17156006
17156007
17156008
17156009
17156010
17156011
17156012
17156013
17156014
17156015
17156016
17156017
17156018
17156019
17156020
17156021
17156022
17156023
17156024
17156025
17156026
17156027
17156028
17156029
17156030
17156031
17156032
17156033
17156034
17156035
17156036
17156037
17156038
17156039
17156040
17156041
17156042
17156043
17156044
17156045
17156046
17156047
17156048
17156049
17157001
17157002
17157003
17157004
17157005
17157006
17157007
17157008
17157009
17157010
17157011
17157012
17157013
17157014
17157015
17157016
17157017
17157018
17157019
17157020
17157021
17157022
17157023
17157024
17157025
17157026
17157027
17157028
17157029
17157030
17158005
17158006
17158007
17158008
17158009
17158010
17158011
17158012
17158013
17158014
17158015
17158016
17158017
17158018
17158019
17158020
17158021
17158022
17158023
17158024
17158025
17158026
17158027
17158028
17158029
17158030
17158031
17158032
17158033
17158034
17158035
17158036
17158037
17158038
17158039
17158040
17158041
17158042
17158043
17158044
17158045
17158046
17158047
17158048
17158049
17158050
17158051
17158052
17158053
17158054
17158055
17158056
17158057
17158058
17158059
17158060
17158061
17158062
17158063
17158064
17158065
17158066
17158067
17158068
17158069
17158070
17158071
17158072
17158073
17158074
17158075
17158076
17158077
17158078
17158079
17158080
17158081
17158082
17158083
17159001
17159002
17159003
17159004
17159005
17159006
17159007
17159008
17159009
17159010
17159011
17159012
17159013
17159014
17159015
17159016
17159017
17159018
17159019
17159020
17159021
17159022
17159023
17159024
17159025
17159026
17159027
17159028
17159029
17159030
17159031
17159032
17159033
17159034
17159035
17159036
17159037
17159038
17159039
17159040
17159041
17159042
17159043
17159044
17159045
17159046
17159047
17159048
17159049
17159050
17159051
17159052
17159053
17159054
17159055
17159056
17159057
17159058
17159059
17159060
17159061
17160001
17160002
17160003
17160004
17160005
17160006
17160007
17160008
17160009
