17140003
17140004
17140005
17140006
17140007
17140008
17140009
17140012
17140013
17140014
17140015
17140016
17140017
17140018
17140019
17140020
17140021
17140022
17140023
17140034
17140035
17140036
17140037
17140038
17140039
17140040
17140041
17140042
17140043
17140044
17140045
17140046
17140047
17140048
17140049
17140050
17140051
17139004
17139005
17139006
17139007
17139008
17139009
17139010
17139011
17139012
17139013
17139014
17139015
17139016
17139017
17139018
17139026
17139038
17139039
17139040
17139041
17139042
17139043
17139044
17139045
17139046
17138001
17138002
17138003
17138004
17138005
17138006
17138007
17138008
17138009
17138010
17138018
17138019
17138020
17138022
17138023
17138024
17138025
17138026
17138027
17138028
17138029
17138030
17138031
17138033
17138037
17138038
17138039
17138040
17138041
17138042
17138043
17138044
17138045
17138046
17138047
17138048
17132063