22180043
22180044
22181021
22181022
22181023
22181024
22181045
22181046
22181049
22181054
22181055
22181056
22181057
22181058
22181059
22181062
22181065
22181066
22181067
22181068
22181069
22181070
22182001
22182002
22182007
22182008
22182009
22182010
22182011
22182012
22183004
22183005
22183006
22183007
22184001
22184002
22184003
22184004
22184005
22184006
22184007
22184008
22184009
22184010
22184011
22184023
22185004
22185035
22185036
22186001
22186002
22186003
22186004
22186005
22186006
22186007
22186008
22186009
22186010
22186011
22186012
22186013
22186014
22187001
22187002
22187003
22187004
22187005
22187006
22187007
22187008
22187009
22187010
22187011
22187012
22187013
22187014
22187015
22187016
22187017
22187018
22187023
22187024
22187025
22187026
22188001
22188002
22188003
22188004
22188005
22188006
22188007
